2005  10   1     0.200    10.112     0.000     0.000     8.951    10.648
2005  10   2     0.302    39.816     0.005     0.572     2.632     9.753
2005  10   3     0.200    16.410     0.000     0.000     3.418     8.146
2005  10   4     0.200     0.000     0.000     0.000     5.808     7.559
2005  10   5     0.200     0.000     0.000     0.000     6.575     7.672
2005  10   6     0.200     0.000     0.000     0.000     7.888     8.019
2005  10   7     0.200     0.000     0.000     0.000     9.164     8.487
2005  10   8     0.200     0.000     0.000     0.000     7.971     8.770
2005  10   9     0.200     0.000     0.000     0.000     7.959     8.710
2005  10  10     0.200     0.000     0.000     0.000     8.667     8.722
2005  10  11     0.200     0.000     0.000     0.000     8.749     9.089
2005  10  12     0.200     0.000     0.000     0.000     8.081     9.030
2005  10  13     0.200     0.000     0.000     0.000     9.444     9.053
2005  10  14     0.200     0.000     0.000     0.000     9.142     9.205
2005  10  15     0.200     0.000     0.000     0.000     9.859     9.320
2005  10  16     0.200     0.000     0.000     0.000    10.112     9.688
2005  10  17     0.200     0.000     0.000     0.000     9.544     9.676
2005  10  18     0.200     1.365     0.000     0.000    10.536     9.935
2005  10  19     0.200    23.676     0.000     0.000    10.497    10.134
2005  10  20     0.200     0.000     0.000     0.000    10.756    10.292
2005  10  21     0.200    32.574     0.000     0.000     8.102     9.975
2005  10  22     0.200     1.372     0.000     0.000    10.487     9.767
2005  10  23     0.200    38.160     0.000     0.000     8.600     9.950
2005  10  24     0.200     0.000     0.000     0.000     7.780     9.382
2005  10  25     0.200     0.000     0.000     0.000     6.812     8.886
2005  10  26     0.200     0.000     0.000     0.000     7.549     8.512
2005  10  27     0.200     0.000     0.000     0.000     7.030     8.435
2005  10  28     0.200     0.000     0.000     0.000     7.267     8.255
2005  10  29     0.200     0.000     0.000     0.000     7.475     8.362
2005  10  30     0.200     0.000     0.000     0.000     7.922     8.225
2005  10  31     0.200     1.361     0.000     0.000     8.635     8.487
2005  11   1     0.200    15.476     0.000     0.000     8.258     8.824
2005  11   2     0.200     0.000     0.000     0.000     7.425     8.524
2005  11   3     0.200     0.584     0.000     0.000     9.045     8.621
2005  11   4     0.200    27.636     0.000     0.000     8.039     8.825
2005  11   5     0.200     2.553     0.000     0.000     3.866     8.234
2005  11   6     0.200     0.000     0.000     0.000     1.891     6.884
2005  11   7     0.200     0.000     0.000     0.000     2.198     5.584
2005  11   8     0.200     0.000     0.000     0.000     3.902     5.309
2005  11   9     0.200     0.000     0.000     0.000     5.566     5.603
2005  11  10     0.200     0.000     0.000     0.000     5.361     6.292
2005  11  11     0.200     0.000     0.000     0.000     4.535     6.249
2005  11  12     0.200     0.000     0.000     0.000     3.024     5.713
2005  11  13     0.200     0.000     0.000     0.000     4.337     5.522
2005  11  14     0.200     0.000     0.000     0.000     3.846     5.503
2005  11  15     0.200     0.000     0.000     0.000     3.993     5.399
2005  11  16     0.200     5.271     0.000     0.000     3.237     5.375
2005  11  17     0.200     0.000     0.000     0.000    -1.422     4.602
2005  11  18     0.200     0.000     0.000     0.000    -3.775     3.174
2005  11  19     0.200     0.009     0.000     0.001    -5.716     1.796
2005  11  20     0.200     0.000     0.000     0.000    -4.251     0.590
2005  11  21     0.200     0.000     0.000     0.001    -4.068     0.294
2005  11  22     0.200     0.000     0.000     0.002    -3.035     0.215
2005  11  23     0.213     0.000     0.004     0.425    -6.065    -0.072
2005  11  24     0.214     0.000     0.005     0.552    -7.873    -0.253
2005  11  25     0.765     0.000     0.189    20.630    -9.864    -0.329
2005  11  26     0.750     0.000     0.200    25.664   -17.196    -0.336
2005  11  27     0.731     0.000     0.182    26.485   -13.833    -0.310
2005  11  28     0.736     0.000     0.180    28.417    -9.127    -0.281
2005  11  29     0.731     0.000     0.215    33.754    -3.985    -0.251
2005  11  30     0.786     0.000     0.308    46.440    -5.042    -0.218
2005  12   1     0.777     0.000     0.278    46.650   -14.081    -0.133
2005  12   2     0.768     0.000     0.276    49.370    -4.618     0.135
2005  12   3     0.776     0.000     0.377    67.926    -1.256     0.313
2005  12   4     0.761     0.000     0.327    70.361    -0.443     0.467
2005  12   5     0.791     0.000     0.447    88.784    -0.843     0.589
2005  12   6     0.790     0.000     0.520   105.083    -5.699     0.682
2005  12   7     0.788     0.000     0.513   112.092    -4.170     0.856
2005  12   8     0.794     0.000     0.548   121.798    -5.611     1.100
2005  12   9     0.791     0.000     0.579   130.900    -4.110     1.307
2005  12  10     0.784     0.000     0.538   131.472    -5.149     1.460
2005  12  11     0.777     0.000     0.503   131.384   -10.289     1.556
2005  12  12     0.771     0.000     0.480   131.369   -11.052     1.634
2005  12  13     0.764     0.000     0.474   131.358    -6.651     1.670
2005  12  14     0.758     0.000     0.468   131.301    -5.651     1.670
2005  12  15     0.752     0.000     0.464   131.280    -9.061     1.663
2005  12  16     0.748     0.000     0.482   133.434    -5.418     1.631
2005  12  17     0.778     0.000     0.586   145.159    -4.666     1.575
2005  12  18     0.773     0.000     0.584   146.889   -12.745     1.588
2005  12  19     0.767     0.000     0.570   146.909   -18.656     1.627
2005  12  20     0.761     0.000     0.558   146.911   -15.688     1.616
2005  12  21     0.754     0.000     0.548   146.911   -19.733     1.541
2005  12  22     0.748     0.000     0.540   146.911   -16.508     1.406
2005  12  23     0.742     0.000     0.534   146.911   -13.473     1.233
2005  12  24     0.737     0.000     0.528   146.911   -13.677     1.066
2005  12  25     0.731     0.000     0.523   146.910    -7.037     0.923
2005  12  26     0.726     0.000     0.519   146.900    -6.228     0.821
2005  12  27     0.720     0.000     0.516   146.906   -12.710     0.788
2005  12  28     0.733     0.000     0.535   149.248   -14.470     0.755
2005  12  29     0.744     0.000     0.557   152.153   -15.665     0.692
2005  12  30     0.739     0.000     0.597   156.870   -14.195     0.640
2005  12  31     0.755    14.522     0.695   188.503    -0.030     0.599
2006   1   1     0.766     0.652     0.735   201.804    -1.624     0.618
2006   1   2     0.794     0.046     0.840   221.097    -2.482     0.771
2006   1   3     0.787     1.055     0.787   223.457    -5.168     0.935
2006   1   4     0.780     0.940     0.728   222.440    -6.576     1.059
2006   1   5     0.774     0.795     0.684   221.631   -10.745     1.143
2006   1   6     0.768     0.628     0.655   221.034    -5.345     1.193
2006   1   7     0.757     0.329     0.636   220.604    -3.884     1.219
2006   1   8     0.744     0.145     0.621   220.332    -7.947     1.227
2006   1   9     0.738     0.000     0.610   220.294   -14.261     1.222
2006   1  10     0.732     0.000     0.600   220.294   -16.420     1.205
2006   1  11     0.727     0.000     0.593   220.294   -17.934     1.179
2006   1  12     0.721     0.000     0.589   220.294   -11.554     1.128
2006   1  13     0.716     0.000     0.588   220.294   -17.011     0.958
2006   1  14     0.711     0.000     0.587   220.294   -17.928     0.732
2006   1  15     0.706     0.000     0.586   220.294   -18.037     0.573
2006   1  16     0.704     0.000     0.594   221.250    -7.177     0.433
2006   1  17     0.739     0.000     0.676   229.770    -1.458     0.292
2006   1  18     0.792     0.000     1.068   272.411    -0.401     0.203
2006   1  19     0.773     0.000     1.044   275.284    -4.260     0.185
2006   1  20     0.758     0.000     1.015   275.288    -8.256     0.193
2006   1  21     0.743     0.000     0.995   275.359    -2.255     0.207
2006   1  22     0.729     0.000     0.980   275.409    -8.140     0.221
2006   1  23     0.721     0.000     0.972   275.377    -7.005     0.233
2006   1  24     0.715     0.000     0.965   275.358   -15.676     0.242
2006   1  25     0.710     0.000     0.959   275.358   -16.567     0.248
2006   1  26     0.711     0.000     0.958   275.842    -9.797     0.250
2006   1  27     0.721     0.000     0.981   278.691    -8.055     0.247
2006   1  28     0.742     0.000     1.010   282.898    -3.674     0.242
2006   1  29     0.728     0.000     0.992   282.898    -3.106     0.235
2006   1  30     0.706     0.000     0.971   282.898    -3.678     0.228
2006   1  31     0.692     0.000     0.954   282.898    -4.956     0.222
2006   2   1     0.680     0.000     0.940   282.897    -7.259     0.218
2006   2   2     0.668     0.000     0.930   282.897    -7.961     0.215
2006   2   3     0.658     0.000     0.923   282.897    -8.819     0.213
2006   2   4     0.650     0.000     0.918   282.885   -11.305     0.210
2006   2   5     0.646     0.000     0.916   282.800    -8.793     0.205
2006   2   6     0.643     0.000     0.915   282.665   -10.391     0.199
2006   2   7     0.640     0.000     0.914   282.533    -6.838     0.190
2006   2   8     0.636     0.000     0.916   282.625    -4.466     0.180
2006   2   9     0.660     0.000     0.931   283.970    -4.543     0.169
2006   2  10     0.654     0.000     0.929   283.643    -9.480     0.159
2006   2  11     0.649     0.000     0.928   283.322   -14.854     0.149
2006   2  12     0.643     0.000     0.927   283.167   -12.876     0.139
2006   2  13     0.638     0.000     0.925   283.025    -7.741     0.125
2006   2  14     0.630     0.000     0.919   282.930    -4.097     0.109
2006   2  15     0.647     0.000     1.014   293.423    -3.746     0.091
2006   2  16     0.774     0.000     1.406   350.608    -0.363     0.080
2006   2  17     0.756     0.000     1.284   359.770    -1.756     0.081
2006   2  18     0.767     0.000     1.223   365.391    -1.295     0.089
2006   2  19     0.750     0.000     1.197   373.064    -3.012     0.106
2006   2  20     0.776     0.000     1.227   386.990    -2.573     0.170
2006   2  21     0.757     0.000     1.140   387.062    -8.858     0.246
2006   2  22     0.738     0.000     1.072   387.063    -5.264     0.310
2006   2  23     0.726     0.000     1.025   386.996    -3.544     0.359
2006   2  24     0.721     0.000     0.995   386.758    -3.360     0.397
2006   2  25     0.712     0.000     0.968   386.570    -2.876     0.426
2006   2  26     0.698     0.000     0.933   386.502    -5.686     0.447
2006   2  27     0.688     0.000     0.909   386.251    -6.276     0.461
2006   2  28     0.684     0.000     0.905   386.749   -10.274     0.471
2006   3   1     0.732     0.000     0.941   391.263   -10.527     0.475
2006   3   2     0.728     0.000     0.939   391.970    -8.690     0.480
2006   3   3     0.736     0.000     0.948   393.901    -1.826     0.483
2006   3   4     0.761     0.000     1.048   406.447    -0.041     0.488
2006   3   5     0.761     0.000     1.080   419.256    -6.261     0.497
2006   3   6     0.755     0.000     1.054   420.499   -10.328     0.506
2006   3   7     0.757     0.000     1.044   422.503    -5.703     0.512
2006   3   8     0.763     0.000     1.074   430.339    -0.609     0.515
2006   3   9     0.709     2.454     1.026   433.639    -0.044     0.518
2006   3  10     0.716     0.248     1.037   438.388    -2.601     0.517
2006   3  11     0.787     0.000     1.223   461.121    -3.626     0.518
2006   3  12     0.793     0.000     1.315   477.596    -9.794     0.525
2006   3  13     0.783     0.000     1.262   477.514   -14.458     0.534
2006   3  14     0.768     0.000     1.223   477.441   -13.336     0.539
2006   3  15     0.749     0.000     1.184   477.426   -10.505     0.540
2006   3  16     0.732     0.000     1.152   477.420    -9.881     0.538
2006   3  17     0.714     0.000     1.123   477.408    -7.862     0.534
2006   3  18     0.696     0.000     1.094   477.532    -2.980     0.529
2006   3  19     0.669     3.955     1.064   476.277    -0.124     0.523
2006   3  20     0.639     9.316     1.032   469.511    -0.277     0.516
2006   3  21     0.616     5.531     1.003   462.734    -0.853     0.507
2006   3  22     0.605    10.314     0.978   456.546    -0.721     0.498
2006   3  23     0.588    11.173     0.950   448.647    -0.788     0.489
2006   3  24     0.574    11.714     0.926   441.650    -0.093     0.479
2006   3  25     0.559    15.753     0.896   429.843    -0.062     0.469
2006   3  26     0.551    17.095     0.858   414.412    -0.607     0.458
2006   3  27     0.544    11.811     0.822   399.373    -0.352     0.446
2006   3  28     0.563    12.250     0.805   389.304    -0.061     0.435
2006   3  29     0.734     0.970     0.900   397.993    -2.391     0.424
2006   3  30     0.707    12.894     0.897   399.843    -1.145     0.419
2006   3  31     0.665    18.572     0.845   387.407    -0.855     0.413
2006   4   1     0.644     4.231     0.812   379.280    -1.269     0.405
2006   4   2     0.630     8.785     0.790   374.764    -1.761     0.396
2006   4   3     0.609    13.146     0.758   364.191    -1.654     0.387
2006   4   4     0.599    11.602     0.724   352.332    -4.167     0.376
2006   4   5     0.580     6.553     0.696   342.299    -0.188     0.365
2006   4   6     0.572     0.127     0.688   339.536    -2.272     0.355
2006   4   7     0.566    13.919     0.668   333.521    -4.389     0.344
2006   4   8     0.561    10.348     0.634   321.343    -2.776     0.333
2006   4   9     0.548    10.622     0.608   309.683    -0.003     0.323
2006   4  10     0.664     3.577     0.660   309.286    -1.186     0.313
2006   4  11     0.753     0.000     0.757   319.976    -5.423     0.308
2006   4  12     0.737     0.000     0.733   319.789    -3.842     0.307
2006   4  13     0.715     2.661     0.703   318.855    -3.744     0.304
2006   4  14     0.694    13.251     0.666   311.437    -2.058     0.299
2006   4  15     0.672     6.269     0.632   301.903    -0.448     0.292
2006   4  16     0.638     9.795     0.608   293.275    -0.672     0.284
2006   4  17     0.625    11.507     0.583   283.746    -2.082     0.276
2006   4  18     0.607     9.426     0.555   273.221    -0.470     0.267
2006   4  19     0.594    15.074     0.525   261.048    -2.299     0.258
2006   4  20     0.585    15.086     0.490   245.948    -1.941     0.249
2006   4  21     0.574    19.929     0.452   228.848    -1.447     0.244
2006   4  22     0.566    17.559     0.412   209.642    -1.213     0.239
2006   4  23     0.556    14.155     0.379   193.834    -0.624     0.233
2006   4  24     0.550    18.550     0.346   177.847    -0.511     0.227
2006   4  25     0.538    18.693     0.307   157.903    -0.237     0.220
2006   4  26     0.533    18.052     0.274   141.241    -0.483     0.211
2006   4  27     0.522    20.532     0.236   121.694     0.000     0.203
2006   4  28     0.512    11.099     0.206   105.846     0.000     0.196
2006   4  29     0.502     9.753     0.185    95.177    -1.049     0.191
2006   4  30     0.489    18.882     0.158    82.909    -3.581     0.100
2006   5   1     0.457    22.371     0.113    61.564    -2.091    -0.044
2006   5   2     0.366    37.104     0.058    32.512    -0.632    -0.133
2006   5   3     0.215    12.517     0.009     4.911     7.210     0.314
2006   5   4     0.200     0.000     0.000     0.000    11.007     2.757
2006   5   5     0.200     7.092     0.000     0.000    12.348     5.121
2006   5   6     0.200     1.327     0.000     0.000     9.003     6.142
2006   5   7     0.200     0.109     0.000     0.000    10.312     6.305
2006   5   8     0.200     4.852     0.006     0.641     5.021     6.265
2006   5   9     0.213     7.205     0.008     1.040     1.602     5.191
2006   5  10     0.258     5.395     0.006     0.695     1.337     3.848
2006   5  11     0.200     0.000     0.000     0.000     8.704     3.820
2006   5  12     0.200     0.001     0.000     0.000     8.773     5.098
2006   5  13     0.200     0.663     0.000     0.000     9.000     5.902
2006   5  14     0.200     0.000     0.000     0.000     9.735     6.314
2006   5  15     0.200     0.007     0.000     0.000    12.762     7.023
2006   5  16     0.200     1.411     0.000     0.000    13.191     8.346
2006   5  17     0.200     0.000     0.000     0.000    15.635     9.120
2006   5  18     0.200     1.545     0.000     0.000    13.915    10.268
2006   5  19     0.200     0.000     0.000     0.000     9.726     9.734
2006   5  20     0.200     3.528     0.000     0.000     6.893     8.532
2006   5  21     0.200     0.000     0.000     0.000    11.616     8.060
2006   5  22     0.200     3.184     0.000     0.000    11.328     8.688
2006   5  23     0.200     0.000     0.000     0.000     7.099     8.420
2006   5  24     0.200     0.000     0.000     0.000     6.782     7.406
2006   5  25     0.200     0.000     0.000     0.000     9.184     7.116
2006   5  26     0.200     0.000     0.000     0.000    12.572     7.955
2006   5  27     0.200     0.000     0.000     0.000    13.472     9.059
2006   5  28     0.200     0.000     0.000     0.000    14.633     9.935
2006   5  29     0.200     0.058     0.000     0.000    10.785    10.466
2006   5  30     0.208     6.090     0.003     0.336     2.253     8.756
2006   5  31     0.251     6.827     0.011     1.335     0.611     6.828
2006   6   1     0.200     0.593     0.000     0.000     2.312     5.387
2006   6   2     0.200     0.000     0.000     0.000     3.354     4.718
2006   6   3     0.200     0.000     0.000     0.000     6.745     4.931
2006   6   4     0.200     0.000     0.000     0.000     7.606     5.614
2006   6   5     0.200     0.129     0.000     0.000     9.872     6.528
2006   6   6     0.200     0.000     0.000     0.000     9.958     7.262
2006   6   7     0.200     0.000     0.000     0.000     9.501     7.662
2006   6   8     0.200     0.000     0.000     0.000    11.376     8.023
2006   6   9     0.200     0.000     0.000     0.000    12.664     8.764
2006   6  10     0.200     0.000     0.000     0.000    13.842     9.564
2006   6  11     0.200     0.000     0.000     0.000    16.232    10.551
2006   6  12     0.200     0.000     0.000     0.000    15.998    11.512
2006   6  13     0.200     0.000     0.000     0.000    17.230    12.186
2006   6  14     0.200     0.000     0.000     0.000    18.166    12.913
2006   6  15     0.200     0.000     0.000     0.000    18.049    13.514
2006   6  16     0.200     0.165     0.000     0.000    16.631    13.681
2006   6  17     0.200     3.808     0.000     0.000    15.333    13.679
2006   6  18     0.200     1.379     0.000     0.000    16.843    13.308
2006   6  19     0.200     0.000     0.000     0.000    18.170    13.846
2006   6  20     0.200     0.000     0.000     0.000    16.413    14.128
2006   6  21     0.200     0.000     0.000     0.000    16.546    14.021
2006   6  22     0.200     2.448     0.000     0.000    15.110    13.917
2006   6  23     0.200     0.000     0.000     0.000    16.083    13.643
2006   6  24     0.200     0.000     0.000     0.000    17.360    13.925
2006   6  25     0.200    13.356     0.000     0.000    16.586    14.252
2006   6  26     0.200     0.000     0.000     0.000    17.604    14.375
2006   6  27     0.200    21.168     0.000     0.000    18.266    14.737
2006   6  28     0.200     3.755     0.000     0.000    17.275    15.033
2006   6  29     0.200     5.720     0.000     0.000    18.349    15.167
2006   6  30     0.200     0.000     0.000     0.000    17.633    15.219
